You can move diagonally....
69
67
1111111111111111111111111111111111111111111111111111111111111111111111111111
1111111111111111111111111111111111111111111111111111111111100000000000000001
1111111111111111111111111111111111111111111111111111111111000000000000000001
1111111111111111111111111111111111111111111111111111111110000000000000000001
1111111111111111111111111111111111111111111111111111111100000000000000000001
1111111111111111111111111111111111111111111111111111111000000000000000000001
1111111111111111111111111111111111111111111111111111110000000000000000000001
1111111111111111111111111111111111111111111111111111100000000000000000000001
1111111111111111111111111111111111111111111111111111000000000000000000000011
1111111111111111111111111111111111111111111111111110000000000000000000000111
1111111111111111111111111111111111111111111111111100000000000000000000001111
1111111111111111111111111111111111111111111111111000000000000000000000011111
1111111111111111111111111111111111111111111111110000000000000000000000111111
1111111111111111111111111111111111111111111111100000000000000000000001111111
1111111111111111111111111111111111111111111111000000000000000000000011111111
1111111111111111111111111111111111111111111110000000000000000000000111111111
1111111111111111111111111111111111111111111100000000000000000000001111111111
1111111111111111111111111111111111111111111000000000000000000000011111111111
1111111111111111111111111111111111111111110000000000000000000000111111111111
1111111111111111111111111111111111111111100000000000000000000001111111111111
1111111111111111111111111111111111111111000000000000000000000011111111111111
1111111111111111111111111111111111111110000000000000000000000111111111111111
1111111111111111111111111111111111111100000000000000000000001111111111111111
1111111111111111111111111111111111111000000000000000000000011111111111111111
1111111111111111111111111111111111110000000000000000000000111111111111111111
1111111111111111111111111111111111100000000000000000000001111111111111111111
1111111111111111111111111111111111000000000000000000000011111111111111111111
1111111111111111111111111111111110000000000000000000000111111111111111111111
1111111111111111111111111111111100000000000000000000001111111111111111111111
1111111111111111111111111111111000000000000000000000011111111111111111111111
1111111111111111111111111111110000000000000000000000111111111111111111111111
1111111111111111111111111111100000000000000000000001111111111111111111111111
1111111111111111111111111111000000000000000000000011111111111111111111111111
1111111111111111111111111110000000000000000000000111111111111111111111111111
1111111111111111111111111100000000000000000000001111111111111111111111111111
1111111111111111111111111000000000000000000000011111111111111111111111111111
1111111111111111111111110000000000000000000000111111111111111111111111111111
1111111111111111111111100000000000000000000001111111111111111111111111111111
1111111111111111111111000000000000000000000011111111111111111111111111111111
1111111111111111111110000000000000000000000111111111111111111111111111111111
1111111111111111111100000000000000000000001111111111111111111111111111111111
1111111111111111111000000000000000000000011111111111111111111111111111111111
1111111111111111110000000000000000000000111111111111111111111111111111111111
1111111111111111100000000000000000000001111111111111111111111111111111111111
1111111111111111000000000000000000000011111111111111111111111111111111111111
1111111111111110000000000000000000000111111111111111111111111111111111111111
1111111111111100000000000000000000001111111111111111111111111111111111111111
1111111111111000000000000000000000011111111111111111111111111111111111111111
1111111111110000000000000000000000111111111111111111111111111111111111111111
1111111111100000000000000000000001111111111111111111111111111111111111111111
1111111111000000000000000000000011111111111111111111111111111111111111111111
1111111110000000000000000000000111111111111111111111111111111111111111111111
1111111100000000000000000000001111111111111111111111111111111111111111111111
1111111000000000000000000000011111111111111111111111111111111111111111111111
1111110000000000000000000000111111111111111111111111111111111111111111111111
1111100000000000000000000001111111111111111111111111111111111111111111111111
1111000000000000000000000011111111111111111111111111111111111111111111111111
1110000000000000000000000111111111111111111111111111111111111111111111111111
1100000000000000000000001111111111111111111111111111111111111111111111111111
1000000000000000000000011111111111111111111111111111111111111111111111111111
1000000000000000000000111111111111111111111111111111111111111111111111111111
1220000000000000000001111111111111111111111111111111111111111111111111111111
1222000000000000000011111111111111111111111111111111111111111111111111111111
1222200000000000000111111111111111111111111111111111111111111111111111111111
1222222000000000001111111111111111111111111111111111111111111111111111111111
1222222200000000011111111111111111111111111111111111111111111111111111111111
1222222220000000111111111111111111111111111111111111111111111111111111111111
1222222222200001111111111111111111111111111111111111111111111111111111111111
1222222222220011111111111111111111111111111111111111111111111111111111111111
1111111111111111111111111111111111111111111111111111111111111111111111111111
