Get to the goal!
55.0
149.0
111111111111111111111111111111111111111111111111111111111111111111111111111111111111111111111111111111111111111111111111111111111111111111111111111111111111111111111111111111111111111111111111111111
111111111111111111111111111111111111111111111111111111111111111111111111111111111000000000000000000000000000000000000000001111111111111111111111111111111111111111111111111111111111111111111111111111
111111111111111111111111111111111111111111111111111111111111111111111111111111100000000000000000000000000000000000000000000001111111111111111111111111111111111111111111111111111111111111111111111111
111111111111111111111111111111111111111111111111111000001111111111111111110000000000000000000000000000000000000000000000000000011111111111111111111111111111111111111111111111111111111111111111111111
111111111111111111111111111111111111111111111111100000000111111111111110000000000000000000000000000000000000000000000000000000000111111111111111111111111111111111111111111111111111111111111111111111
111111111111111111111111111111111111111111111110000000000111111111111000000000000000000000000000000000000000000000000000000000000011111111111111111111111111111111111111111111111111111111111111111111
111111111111111111111111111111111111111111110000000000000111111111100000000000000000000000000000000000000000000000000000000000000000111111111111111111111111111111111111111111111111111111111111111111
111111111111111111111111111111111111111111000000000000000111111111000000000000000000000000000000000000000000000000000000000000000000011111111111111111111111111111111111111111111111111111111111111111
111111111111111111111111111111111111111110000000000000000111111100000000000000000000000000000000000000000000000000000000000000000000001111111111111111111111111111111111111111111111111111111111111111
111111111111111111111111111111111111111000000000000000011111111000000000000000000000000000000111111111000000000000000000000000000000000011111111111111111111111111111111111111111111111111111111111111
111111111111111111111111111111111111100000000000000001111111100000000000000000000000000000111111111111111111111000000000000000000000000000011111111111111111111111111111111111111111111111111111111111
111111111111111111111111111111111111000000000000000111111111000000000000000000000000000111111111111111111111111110000000000000000000000000000111111111111111111111111111111111111111111111111111111111
111111111111111111111111111111111110000000000000001111111100000000000000000000000000111111111111111111111111111111100000000000000000000000000011111111111111111111111111111111111111111111111111111111
111111111111111111111111111111111000000000000000011111111000000000000000000000000111111111111111111111111111111111111110000000000000000000000000111111111111111111111111111111111111111111111111111111
111111111111111111111111111111110000000000000001111111100000000000000000001111111111111111111111111111111111111111111111111000000000000000000000001111111111111111111111111111111111111111111111111111
111111111111111111111111111111100000000000000111111111000000000000000011111111111111111111111111111111111111111111111111111111111000000000000000000111111111111111111111111111111111111111111111111111
111111111111111111111111111110000000000000011111111110000000000000001111111111111111111111111111111111111111111111111111111111111100000000000000000001111111111111111111111111111111111111111111111111
111111111111111111111111111100000000000000111111111000000000000000111111111111111111111111111111111111111111111111111111111111111110000000000000000000111111111111111111111111111111111111111111111111
111111111111111111111111111000000000000001111111110000000000000001111111111111111111111100000000000000000000000000111111111111111111110000000000000000011111111111111111111111111111111111111111111111
111111111111111111111111110000000000000011111111000000000000000111111111111111111111100000000000000000000000000000000000111111111111111000000000000000001111111111111111111111111111111111111111111111
111111111111111111111111100000000000001111111100000000000000011111111111111111111100000000000000000000000000000000000000000111111111111100000000000000000111111111111111111111111111111111111111111111
111111111111111111111111000000000000011111111000000000000000111111111111111111110000000000000000000000000000000000000000000001111111111111110000000000000011111111111111111111111111111111111111111111
111111111111111111111110000000000000111111100000000000000011111111111111111110000000000000000000000000000000000000000000000000011111111111111000000000000000111111111111111111111111111111111111111111
111111111111111111111110000000000011111110000000000000000111111111111111111000000000000000000000000000000000000000000000000000001111111111111100000000000000011111111111111111111111111111111111111111
111111111111111111111100000000000111111100000000000000011111111111111111100000000000000000000000000000000000000000000000000000000111111111111111000000000000000111111111111111111111111111111111111111
111111111111111111111000000000001111111000000000000000111111111111111110000000000000000000000000000000000000000000000000000000000001111111111111100000000000000111111111111111111111111111111111111111
111111111111111111110000000000011111110000000000000001111111111111110000000000000000000000000000000000111111100000000000000000000000111111111111110000000000000001111111111111111111111111111111111111
111111111111111111100000000000111111100000000000000011111111111111000000000000000000000011111111111111111111111110000000000000000000011111111111111000000000000000111111111111111111111111111111111111
111111111111111111100000000001111111000000000000000111111111111110000000000000000000001111111111111111111111111111111000000000000000001111111111111000000000000000011111111111111111111111111111111111
111111111111111111000000000111111110000000000000001111111111111100000000000000000001111111111111111111111111111111111111000000000000000011111111111100000000000000001111111111111111111111111111111111
111111111111111110000000001111111100000000000000011111111111110000000000000000000111111111111111111111111111111111111111110000000000000001111111111111000000000000000111111111111111111111111111111111
111111111111111100000000011111111000000000000000111111111111100000000000000000001111111111111111111111111111111111111111111000000000000000111111111111000000000000000111111111111111111111111111111111
111111111111111000000000111111110000000000000001111111111111000000000000000001111111111111111111111111111111111111111111111100000000000000011111111111100000000000000011111111111111111111111111111111
111111111111110000000001111111100000000000000011111111111110000000000000000111111111111111111111111111111111111111111111111111000000000000001111111111110000000000000001111111111111111111111111111111
111111111111110000000011111111000000000000001111111111111000000000000000011111111111111111111100000000111111111111111111111111100000000000000011111111111000000000000011111111111111111111111111111111
111111111111100000000111111110000000000000011111111111110000000000000001111111111111111100000000000000000001111111111111111111110000000000000001111111111100000000000001111111111111111111111111111111
111111111111000000000111111100000000000000111111111111000000000000000011111111111110000000000000000000000000001111111111111111111000000000000001111111111110000000000001111111111111111111111111111111
111111111111000000001111111000000000000011111111111110000000000000000111111111110000000000000000000000000000000000001111111111111100000000000000111111111111000000000000111111111111111111111111111111
111111111110000000011111111000000000000111111111111100000000000000011111111110000000000000000000000000000000000000000000111111111110000000000000011111111111100000000000111111111111111111111111111111
111111111100000000111111110000000000001111111111111000000000000001111111111000000000000000000000000000000000000000000000001111111111000000000000001111111111100000000000011111111111111111111111111111
111111111100000000111111100000000000011111111111110000000000000111111111100000000000000000000000000000000000000000000000000111111111100000000000001111111111110000000000011111111111111111111111111111
111111111000000001111111000000000000111111111111100000000000000111111111000000000000000000000000000000000000000000000000000001111111110000000000000111111111110000000000001111111111111111111111111111
111111111000000011111111000000000000111111111111000000000000001111111100000000000000000000000000000000000000000000000000000000011111111000000000000011111111111000000000000111111111111111111111111111
111111110000000011111110000000000001111111111111000000000000111111110000000000000000000000000000000000000000000000000000000000001111111110000000000001111111111000000000000111111111111111111111111111
111111100000000111111110000000000011111111111110000000000001111111100000000000000000000001111111111110000000000000000000000000000011111111000000000001111111111100000000000111111111111111111111111111
111111100000000111111100000000000111111111111100000000000111111111000000000000000000000111111111111111110000000000000000000000000001111111000000000001111111111110000000000011111111111111111111111111
111111000000000111111100000000001111111111111000000000001111111110000000000000000001111111111111111111111111110000000000000000000000111111100000000000111111111110000000000011111111111111111111111111
111111000000001111111000000000001111111111110000000000001111111100000000000000000111111111111111111111111111111110000000000000000000011111110000000000011111111110000000000001111111111111111111111111
111110000000011111111000000000011111111111110000000000011111111000000000000000011111111111111111111111111111111111100000000000000000001111111000000000001111111111000000000001111111111111111111111111
111110000000011111110000000000011111111111100000000000111111110000000000000001111111111111111111111111111111111111111000000000000000001111111000000000000111111111000000000001111111111111111111111111
111110000000011111100000000000111111111111000000000000111111110000000000000001111111111111111111110001111111111111111100000000000000000011111100000000000111111111000000000001111111111111111111111111
111100000000111111000000000001111111111110000000000001111111100000000000000011111111111111111100000000000111111111111111000000000000000001111110000000000011111111100000000001111111111111111111111111
111100000000111110000000000001111111111110000000000011111111000000000000000111111111111111100000000000000000001111111111100000000000000000111111000000000011111111100000000001111111111111111111111111
111000000001111100000000000001111111111100000000000111111110000000000000001111111111111100000000000000000000000011111111111000000000000000011111100000000001111111100000000001111111111111111111111111
111000000001111100000000000011111111111000000000000111111110000000000000011111111111110000000000000000000000000000111111111110000000000000011111100000000001111111100000000000111111111111111111111111
110000000011111100000000000111111111111000000000001111111100000000000000111111111111100000000000000000000000000000001111111111000000000000001111100000000000111111110000000000111111111111111111111111
110000000011111100000000000111111111110000000000011111111100000000000001111111111111000000000000000000000000000000000011111111100000000000001111110000000000111111110000000000111111111111111111111111
110000000111111000000000001111111111110000000000111111111000000000000011111111111110000000000000000000000000000000000001111111110000000000001111110000000000111111111000000000111111111111111111111111
100000000111111000000000001111111111100000000000111111111000000000000011111111111100000000000000000000000000000000000000111111110000000000000111110000000000111111111000000000011111111111111111111111
100000001111111000000000011111111111100000000000111111111000000000000111111111111000000000000000011111100000000000000000011111111000000000000111110000000000111111111000000000011111111111111111111111
100000001111111000000000011111111111100000000001111111110000000000000111111111110000000000000111111111111100000000000000001111111100000000000011110000000000111111111000000000011111111111111111111111
100000001111111000000000011111111111000000000001111111110000000000001111111111100000000000011111111111111111100000000000001111111110000000000001110000000000111111111100000000011111111111111111111111
100000001111111000000000011111111111000000000011111111110000000000011111111111100000000001111111111111111111111000000000000111111111000000000000110000000000011111111100000000011111111111111111111111
100000001111111000000000011111111110000000000011111111110000000000011111111111000000000011111111111111111111111100000000000011111111000000000000111000000000011111111100000000011111111111111111111111
100000001111111000000000011111111110000000000111111111100000000000111111111110000000000011111111111111111111111110000000000011111111100000000000111000000000011111111100000000011111111111111111111111
100000001111111000000000011111111110000000000111111111100000000000111111111110000000000011111111111111111111111110000000000011111111100000000000111000000000011111111100000000011111111111111111111111
100000001111111000000000011111111110000000000111111111100000000000111111111110000000000111111112221111111111111111000000000011111111110000000000111100000000011111111100000000001111111111111111111111
100000001111111000000000011111111100000000000111111111000000000000111111111110000000000111111222222211111111111111100000000001111111110000000000111100000000011111111100000000001111111111111111111111
100000001111111000000000011111111100000000000111111111000000000000111111111110000000000111112222222222111111111111110000000001111111110000000000011100000000001111111100000000001111111111111111111111
100000001111110000000000011111111100000000001111111111000000000000111111111100000000000111122222222222111111111111110000000001111111110000000000011100000000001111111100000000001111111111111111111111
100000001111110000000000011111111100000000001111111111000000000000111111111100000000001111110000000000111111111111110000000001111111110000000000011100000000001111111100000000001111111111111111111111
100000001111110000000000011111111000000000001111111111000000000000111111111100000000011111110000000000111111111111110000000001111111110000000000011100000000000111111100000000001111111111111111111111
100000001111110000000000011111111000000000001111111111000000000000011111111100000000011111111000000000111111111111110000000001111111110000000000011100000000000111111100000000001111111111111111111111
100000001111110000000000011111111000000000001111111111000000000000011111111100000000011111111000000000111111111111110000000001111111110000000000011110000000000111111110000000001111111111111111111111
100000001111110000000000011111110000000000011111111111000000000000001111111100000000011111111000000000011111111111110000000001111111111000000000011110000000000111111110000000001111111111111111111111
100000001111110000000000011111110000000000011111111111000000000000001111111100000000011111111000000000011111111111111000000001111111111000000000011110000000000111111110000000001111111111111111111111
100000000111110000000000011111110000000000011111111111000000000000000111111110000000001111111000000000011111111111110000000011111111111000000000011110000000000111111110000000001111111111111111111111
100000000111110000000000011111110000000000011111111111100000000000000111111110000000000011100000000000011111111111100000000011111111111000000000011111000000000011111110000000001111111111111111111111
100000000111111000000000011111110000000000011111111111100000000000000011111110000000000000000000000000011111111111100000000011111111111000000000011111000000000011111110000000001111111111111111111111
100000000111111000000000011111110000000000001111111111100000000000000011111111000000000000000000000000011111111111000000000011111111111000000000011111000000000011111110000000000111111111111111111111
100000000111111000000000011111110000000000001111111111100000000000000001111111000000000000000000000000011111111111000000000011111111111000000000011111000000000011111110000000000111111111111111111111
100000000111111100000000011111110000000000000111111111110000000000000001111111100000000000000000000000011111111111000000000011111111111000000000011111000000000011111110000000000111111111111111111111
110000000111111100000000001111111000000000000111111111110000000000000001111111110000000000000000000000111111111110000000000011111111111000000000011111100000000011111110000000000111111111111111111111
110000000111111100000000001111111000000000000111111111110000000000000000111111111000000000000000000001111111111110000000000111111111111000000000011111100000000011111110000000000111111111111111111111
110000000011111100000000000111111100000000000011111111111000000000000000111111111100000000000000001111111111111100000000001111111111111000000000011111100000000011111110000000000111111111111111111111
110000000011111100000000000111111100000000000011111111111100000000000000011111111111100000000000001111111111111000000000001111111111111000000000011111100000000011111110000000000111111111111111111111
110000000001111100000000000011111100000000000001111111111100000000000000011111111111111100000000111111111111111000000000001111111111111000000000011111100000000011111110000000000111111111111111111111
110000000001111110000000000011111100000000000001111111111110000000000000001111111111111111111111111111111111110000000000011111111111110000000000111111100000000001111110000000001111111111111111111111
110000000001111110000000000001111110000000000000111111111111000000000000001111111111111111111111111111111111100000000000011111111111110000000000111111000000000001111110000000001111111111111111111111
110000000000111110000000000001111110000000000000111111111111000000000000000111111111111111111111111111111110000000000000111111111111110000000000111111000000000001111110000000001111111111111111111111
110000000000111110000000000000111110000000000000111111111111100000000000000001111111111111111111111111110000000000000000111111111111110000000000111111000000000011111110000000001111111111111111111111
110000000000011111000000000000111111000000000000011111111111110000000000000000111111111111111111111111000000000000000001111111111111110000000000111111000000000011111110000000001111111111111111111111
110000000000011111100000000000011111100000000000001111111111110000000000000000001111111111111111111100000000000000000011111111111111100000000000111111000000000011111110000000001111111111111111111111
111000000000011111100000000000011111110000000000000011111111111000000000000000000000111111111101110000000000000000000011111111111111100000000001111111000000000011111110000000001111111111111111111111
111000000000001111110000000000011111110000000000000001111111111100000000000000000000000000000000000000000000000000000111111111111111000000000001111110000000000011111110000000001111111111111111111111
111100000000001111110000000000001111111000000000000000111111111110000000000000000000000000000000000000000000000000001111111111111111000000000011111110000000000011111110000000001111111111111111111111
111100000000001111110000000000001111111000000000000000011111111111000000000000000000000000000000000000000000000000111111111111111110000000000011111100000000000111111110000000001111111111111111111111
111110000000000111111000000000001111111100000000000000001111111111111000000000000000000000000000000000000000000011111111111111111110000000000011111100000000000111111110000000001111111111111111111111
111110000000000111111000000000000111111110000000000000000111111111111110000000000000000000000000000000000000001111111111111111111100000000000111111100000000001111111110000000001111111111111111111111
111111000000000011111000000000000001111110000000000000000001111111111111000000000000000000000000000000000000111111111111111111111000000000000111111100000000001111111100000000001111111111111111111111
111111000000000011111100000000000001111111000000000000000000111111111111110000000000000000000000000000000011111111111111111111110000000000001111111000000000001111111100000000001111111111111111111111
111111100000000001111110000000000000111111100000000000000000011111111111111111000000000000000000000000111111111111111111111111100000000000011111110000000000011111111100000000001111111111111111111111
111111100000000001111110000000000000111111110000000000000000001111111111111111111000000000000000000001111111111111111111111111000000000000011111100000000000011111111100000000001111111111111111111111
111111100000000000111111000000000000011111111000000000000000000111111111111111111100000000001111111111111111111111111111111100000000000000111111000000000000111111111100000000001111111111111111111111
111111110000000000111111100000000000011111111100000000000000000011111111111111111111111111111111111111111111111111111111100000000000000001111111000000000000111111111100000000001111111111111111111111
111111110000000000111111100000000000001111111110000000000000000000111111111111111111111111111111111111111111111111111110000000000000000001111110000000000001111111111100000000011111111111111111111111
111111111000000000011111110000000000000111111111000000000000000000011111111111111111111111111111111111111111111111110000000000000000000011111100000000000011111111111000000000011111111111111111111111
111111111000000000011111111000000000000111111111100000000000000000000011111111111111111111111111111111111111111111000000000000000000000111111000000000000011111111111000000000011111111111111111111111
111111111100000000001111111100000000000001111111110000000000000000000000011111111111111111111111111111111111111110000000000000000000001111110000000000000011111111111000000000011111111111111111111111
111111111100000000000111111100000000000000111111111000000000000000000000001101111101111111111111110001111111110000000000000000000000011111100000000000000111111111110000000000011111111111111111111111
111111111110000000000011111110000000000000011111111100000000000000000000000000000000000111100000000000011110000000000000000000000001111111000000000000001111111111110000000000111111111111111111111111
111111111110000000000011111110000000000000001111111111000000000000000000000000000000000000000000000000000000000000000000000000000011111110000000000000011111111111100000000000111111111111111111111111
111111111111000000000001111111000000000000000111111111110000000000000000000000000000000000000000000000000000000000000000000000000111111100000000000000011111111111000000000001111111111111111111111111
111111111111100000000001111111100000000000000011111111111000000000000000000000000000000000000000000000000000000000000000000000011111111000000000000001111111111111000000000001111111111111111111111111
111111111111100000000000111111110000000000000001111111111110000000000000000000000000000000000000000000000000000000000000000001111111110000000000000011111111111110000000000011111111111111111111111111
111111111111110000000000011111111000000000000000111111111111110000000000000000000000000000000000000000000000000000000000000011111111100000000000000111111111111100000000000011111111111111111111111111
111111111111111000000000001111111100000000000000011111111111111000000000000000000000000000000000000000000000000000000000001111111111000000000000001111111111111000000000000111111111111111111111111111
111111111111111000000000000111111110000000000000001111111111111111100000000000000000000000000000000000000000000000000000111111111110000000000000011111111111110000000000000111111111111111111111111111
111111111111111100000000000111111111000000000000000111111111111111111000000000000000000000000000000000000000000000000001111111111000000000000000111111111111100000000000001111111111111111111111111111
111111111111111110000000000011111111100000000000000011111111111111111110000000000000000000000000000000000000000000000111111111100000000000000001111111111111000000000000001111111111111111111111111111
111111111111111110000000000001111111110000000000000001111111111111111111110000000000000000000000000000000000000000111111111111000000000000000011111111111100000000000000001111111111111111111111111111
111111111111111111000000000000111111111000000000000000011111111111111111111110000000000000000000000000000000001111111111111000000000000000000111111111111000000000000000011111111111111111111111111111
111111111111111111100000000000011111111100000000000000000011111111111111111111110000000000000000000000001111111111111111110000000000000000011111111111110000000000000000111111111111111111111111111111
111111111111111111110000000000001111111111000000000000000000111111111111111111111111111000000011111111111111111111111111100000000000000000111111111111100000000000000001111111111111111111111111111111
111111111111111111111000000000000111111111100000000000000000001111111111111111111111111111111111111111111111111111111000000000000000000001111111111111000000000000000011111111111111111111111111111111
111111111111111111111000000000000011111111110000000000000000000011111111111111111111111111111111111111111111111111100000000000000000000111111111111110000000000000000111111111111111111111111111111111
111111111111111111111100000000000001111111111000000000000000000000001111111111111111111111111111111111111111111110000000000000000000001111111111111100000000000000001111111111111111111111111111111111
111111111111111111111110000000000000111111111100000000000000000000000011111111111111111111111111111111111000000000000000000000000000111111111111111000000000000000011111111111111111111111111111111111
111111111111111111111111000000000000011111111111000000000000000000000000000000011111111111111111111111000000000000000000000000000001111111111111110000000000000001111111111111111111111111111111111111
111111111111111111111111100000000000001111111111100000000000000000000000000000000000000111111111100000000000000000000000000000000111111111111111100000000000000001111111111111111111111111111111111111
111111111111111111111111110000000000000111111111111000000000000000000000000000000000000000000000000000000000000000000000000000011111111111111100000000000000000011111111111111111111111111111111111111
111111111111111111111111111000000000000001111111111100000000000000000000000000000000000000000000000000000000000000000000000001111111111111110000000000000000001111111111111111111111111111111111111111
111111111111111111111111111100000000000000111111111111000000000000000000000000000000000000000000000000000000000000000000001111111111111111000000000000000000011111111111111111111111111111111111111111
111111111111111111111111111110000000000000011111111111110000000000000000000000000000000000000000000000000000000000000001111111111111111110000000000000000000111111111111111111111111111111111111111111
111111111111111111111111111111000000000000000111111111111110000000000000000000000000000000000000000000000000000000011111111111111111110000000000000000000001111111111111111111111111111111111111111111
111111111111111111111111111111100000000000000011111111111111110000000000000000000000000000000000000000000000000011111111111111111110000000000000000000000011111111111111111111111111111111111111111111
111111111111111111111111111111110000000000000000111111111111111111100000000000000000000000000000000000000111111111111111111111111000000000000000000000001111111111111111111111111111111111111111111111
111111111111111111111111111111111000000000000000011111111111111111111111100000000000000000000000001111111111111111111111111100000000000000000000000000111111111111111111111111111111111111111111111111
111111111111111111111111111111111100000000000000000111111111111111111111111111111111111111111111111111111111111111111111000000000000000000000000000011111111111111111111111111111111111111111111111111
111111111111111111111111111111111110000000000000000011111111111111111111111111111111111111111111111111111111111111111100000000000000000000000000011111111111111111111111111111111111111111111111111111
111111111111111111111111111111111111100000000000000000111111111111111111111111111111111111111111111111111111111000000000000000000000000000000011111111111111111111111111111111111111111111111111111111
111111111111111111111111111111111111111000000000000000001111111111111111111111111111111111111111111111000000000000000000000000000000000000001111111111111111111111111111111111111111111111111111111111
111111111111111111111111111111111111111100000000000000000001111111111111111111111111111111111111111100000000000000000000000000000000000001111111111111111111111111111111111111111111111111111111111111
111111111111111111111111111111111111111111000000000000000000001111111111111111111111111111111111000000000000000000000000000000000000000001111111111111111111111111111111111111111111111111111111111111
111111111111111111111111111111111111111111100000000000000000000000001111111111111111100000000000000000000000000000000000000000000000000111111111111111111111111111111111111111111111111111111111111111
111111111111111111111111111111111111111111111000000000000000000000000000000000000000000000000000000000000000000000000000000000001111111111111111111111111111111111111111111111111111111111111111111111
111111111111111111111111111111111111111111111000000000000000000000000000000000000000000000000000000000000000000000000000000001111111111111111111111111111111111111111111111111111111111111111111111111
111111111111111111111111111111111111111111111100000000000000000000000000000000000000000000000000000000000000000000000000011111111111111111111111111111111111111111111111111111111111111111111111111111
111111111111111111111111111111111111111111111111000000000000000000000000000000000000000000000000000000000000000000001111111111111111111111111111111111111111111111111111111111111111111111111111111111
111111111111111111111111111111111111111111111111110000000000000000000000000000000000000000000000000000000000001111111111111111111111111111111111111111111111111111111111111111111111111111111111111111
111111111111111111111111111111111111111111111111111000000000000000000000000000000000000000000000000000011111111111111111111111111111111111111111111111111111111111111111111111111111111111111111111111
111111111111111111111111111111111111111111111111111110000000000000000000000000000000000000000000000011111111111111111111111111111111111111111111111111111111111111111111111111111111111111111111111111
111111111111111111111111111111111111111111111111111111111000000000000000000000000000000011111111111111111111111111111111111111111111111111111111111111111111111111111111111111111111111111111111111111
111111111111111111111111111111111111111111111111111111111111100000000000000000000011111111111111111111111111111111111111111111111111111111111111111111111111111111111111111111111111111111111111111111
111111111111111111111111111111111111111111111111111111111111111111111111111111111111111111111111111111111111111111111111111111111111111111111111111111111111111111111111111111111111111111111111111111